[Variables]
t1_gcode_x_offset = 0.17812500000385967
t1_gcode_y_offset = -0.7918749999965939
t1_gcode_z_offset = -0.026355
t2_gcode_x_offset = 0.11187500000693262
t2_gcode_y_offset = -0.47374999999317424
t2_gcode_z_offset = -0.042188
t3_gcode_x_offset = 0.28312500001069907
t3_gcode_y_offset = -1.3374999999895323
t3_gcode_z_offset = -0.073959
t4_gcode_x_offset = 0.2781250000141995
t4_gcode_y_offset = -1.4156249999847006
t4_gcode_z_offset = -0.009063

