[Variables]
t1_gcode_x_offset = -0.18625
t1_gcode_y_offset = -0.234375
t1_gcode_z_offset = 0.055781
t2_gcode_x_offset = -0.22625
t2_gcode_y_offset = -0.116875
t2_gcode_z_offset = 0.068281
t3_gcode_x_offset = 0.19125
t3_gcode_y_offset = -0.33875
t3_gcode_z_offset = 0.249844
t4_gcode_x_offset = -0.25625
t4_gcode_y_offset = -0.22125
t4_gcode_z_offset = 0.292656

