[Variables]
t1_gcode_x_offset = -0.074375
t1_gcode_y_offset = -0.7225
t1_gcode_z_offset = -0.10625
t2_gcode_x_offset = -0.025625
t2_gcode_y_offset = -0.559375
t2_gcode_z_offset = -0.287187
t3_gcode_x_offset = 0.231875
t3_gcode_y_offset = -0.8225
t3_gcode_z_offset = -0.284844
t4_gcode_x_offset = 2.01375
t4_gcode_y_offset = -0.7875
t4_gcode_z_offset = -0.32125

