[Variables]
t1_gcode_x_offset = 0.085625
t1_gcode_y_offset = -0.55375
t1_gcode_z_offset = 0.004844
t2_gcode_x_offset = 0.10875
t2_gcode_y_offset = -0.304375
t2_gcode_z_offset = 0.153594
t3_gcode_x_offset = 0.193125
t3_gcode_y_offset = -0.499375
t3_gcode_z_offset = -0.137031
t4_gcode_x_offset = 0.313125
t4_gcode_y_offset = -1.084375
t4_gcode_z_offset = 0.238125

